90,35
3,2
3,1
3,3
10,239
10,216
10,155
10,90
10,221
10,121
10,204
11,6
11,29
8,8
8,5
8,4
8,14
8,13
80,3
80,2
80,1
80,0
12,3
12,2
12,1
11,30
11,26
11,25
11,24
11,23
11,22
11,20
11,19
11,18
11,17
11,16
11,15
11,14
11,13
11,12
11,11
11,10
11,9
11,7
11,5
11,4
11,3
11,2
11,1
10,313
10,309
10,297
10,293
10,292
10,289
10,287
10,281
10,277
10,274
10,271
10,264
10,258
10,250
20,2
10,249
20,1
10,247
10,234
20,3
10,230
10,218
10,209
10,201
10,196
10,195
10,193
10,192
10,190
10,179
10,178
10,176
10,173
19,2
10,168
19,1
10,167
10,160
19,3
10,159
10,157
10,144
10,120
10,117
10,116
10,114
10,110
10,109
10,106
10,104
10,96
10,94
10,92
10,81
10,76
10,69
10,66
10,34
10,32
10,25
10,23
10,19
10,16
10,6
18,1
10,5
10,3
18,3
10,2
10,1
